
More detailled search : Local DB size - 6 400 000 000L

Original spark, Optionnal Permutation
test.txt : c(4090, 1453, 1406, )
BIBLE.txt : c(173812, 161610, 131754, 53738, 44395, 34756, 30610, 27974, 24947, 19987, 15044, 12239, 10914, )
protein.txt : c(55278, 51430, 50950, 50336, 49549, 49803, 48242, 47436, 43457, 26721, )
Kosarak.txt : c(411088, 199180, 145584, 67172, 48482, 35759, 28412, 25772, 19962, 16535, )
LEVIATHAN.txt : c(46158, 45680, 45459, 32050, 28681, 25844, 23952, 22844, 23066, 20881, 15871, 13570, 10950, )
PubMed.txt : c(157983, 154492, 91034, 46987, 38834, 31699, 29509, 28272, 23992, 22035, 17337, 15673, )
FIFA.txt : c(47572, 35631, 32278, 31381, 30496, 29192, 28357, 27400, 27380, 28040, 21667, 14598, 14651, 13294, )

SparkPPIC, very big cleaning, Optionnal Permutation, PPIC on false only
BIBLE.txt : c(150723, 115710, 84153, 48707, 40943, 33764, 30361, 27948, 24831, 19688, 14911, 12159, 10918, )
protein.txt : c(93732, 90741, 91059, 90999, 91235, 91545, 88524, 86405, 75279, 35563, )
Kosarak.txt : c(387796, 183518, 139266, 63920, 52935, 35868, 28153, 25438, 20055, 16337, )
LEVIATHAN.txt : c(41206, 41098, 46700, 31285, 27711, 25596, 23960, 22538, 21170, 20423, 15768, 13020, 10890, )
PubMed.txt : c(128653, 124927, 75712, 43018, 36441, 31046, 28413, 26053, 23717, 22047, 17110, 14647, )
FIFA.txt : c(43620, 34604, 32904, 32074, 31306, 29560, 29193, 29855, 28350, 27236, 21180, 14881, 14039, 13432, )

SparkCP, sdb array, Optionnal Permutation
test.txt : c(3898, 1795, 1395, )
BIBLE.txt : c(174918, 134047, 94492, 52838, 44268, 35571, 31890, 28635, 26119, 20543, 15576, 12683, 11354, )
protein.txt : c(79285, 77851, 76683, 76749, 76892, 77198, 74721, 72824, 64796, 34120, )
Kosarak.txt : c(444306, 213002, 155303, 69194, 50479, 37326, 28859, 26186, 20662, 17155, )
LEVIATHAN.txt : c(43225, 43045, 42862, 31691, 28166, 25565, 24347, 22684, 21353, 22644, 16143, 13277, 11208, )
PubMed.txt : c(138695, 136073, 81498, 44564, 37479, 31736, 28882, 26709, 24701, 22053, 17630, 15091, )
FIFA.txt : c(44156, 34983, 32533, 31479, 30846, 30753, 28866, 28138, 27500, 27240, 21399, 15190, 14230, 13643, )

SparkCP - Opti, sdb mutable map, Optionnal Permutation
test.txt : c(3680, 1468, 1336, )
BIBLE.txt : c(161097, 124742, 103206, 57818, 42406, 34255, 30945, 28075, 25188, 19871, 15265, 12617, 11349, )
protein.txt : c(57044, 55519, 56025, 55063, 56175, 55768, 53655, 52482, 48276, 29105, )
Kosarak.txt : c(416308, 204533, 142086, 65316, 47757, 35975, 28106, 25704, 20228, 16726, )
LEVIATHAN.txt : c(41157, 40777, 41010, 30427, 27628, 25075, 23793, 22588, 21243, 20732, 16183, 13345, 10947, )
PubMed.txt : c(129494, 130714, 76560, 42591, 36545, 31148, 28326, 26036, 23646, 21878, 17467, 14878, )
FIFA.txt : c(42092, 33278, 31266, 30363, 29952, 29504, 31709, 30803, 30887, 27909, 21048, 14835, 15960, 13607, )

