
More detailled search : Local DB size - 6 400 000 000L

Original spark, Optionnal Permutation
test.txt : c(4090, 1453, 1406, )
BIBLE.txt : c(173812, 161610, 131754, 53738, 44395, 34756, 30610, 27974, 24947, 19987, 15044, 12239, 10914, )
protein.txt : c(55278, 51430, 50950, 50336, 49549, 49803, 48242, 47436, 43457, 26721, )
Kosarak.txt : c(411088, 199180, 145584, 67172, 48482, 35759, 28412, 25772, 19962, 16535, )
LEVIATHAN.txt : c(46158, 45680, 45459, 32050, 28681, 25844, 23952, 22844, 23066, 20881, 15871, 13570, 10950, )
PubMed.txt : c(157983, 154492, 91034, 46987, 38834, 31699, 29509, 28272, 23992, 22035, 17337, 15673, )
FIFA.txt : c(47572, 35631, 32278, 31381, 30496, 29192, 28357, 27400, 27380, 28040, 21667, 14598, 14651, 13294, )

SparkPPIC, very big cleaning, Optionnal Permutation, PPIC on false only
BIBLE.txt : c(150723, 115710, 84153, 48707, 40943, 33764, 30361, 27948, 24831, 19688, 14911, 12159, 10918, )
protein.txt : c(93732, 90741, 91059, 90999, 91235, 91545, 88524, 86405, 75279, 35563, )
Kosarak.txt : c(387796, 183518, 139266, 63920, 52935, 35868, 28153, 25438, 20055, 16337, )
LEVIATHAN.txt : c(41206, 41098, 46700, 31285, 27711, 25596, 23960, 22538, 21170, 20423, 15768, 13020, 10890, )
PubMed.txt : c(128653, 124927, 75712, 43018, 36441, 31046, 28413, 26053, 23717, 22047, 17110, 14647, )
FIFA.txt : c(43620, 34604, 32904, 32074, 31306, 29560, 29193, 29855, 28350, 27236, 21180, 14881, 14039, 13432, )

SparkPPIC, big cleaning, Optionnal Permutation, PPIC on false only
test.txt : c(4140, 1475, 1392, )
BIBLE.txt : c(178828, 138187, 109337, 58503, 43153, 33755, 30287, 26825, 23453, 18540, 14364, 11505, 10477, )
protein.txt : c(104139, 100608, 101008, 101328, 102937, 100632, 97426, 94960, 82830, 37793, )
Kosarak.txt : c(426898, 201527, 150188, 66255, 46899, 33930, 25508, 23027, 18662, 14790, )
LEVIATHAN.txt : c(43821, 44890, 43332, 30700, 26875, 23309, 21684, 20830, 18820, 19282, 14316, 11799, 10157, )
PubMed.txt : c(142272, 153213, 101763, 53652, 45744, 37439, 33144, 29999, 26926, 24831, 19642, 15141, )
FIFA.txt : c(48502, 36374, 34180, 32684, 32183, 30046, 29334, 28443, 28267, 28338, 21362, 14963, 14868, 14048, )

SparkPPIC, small cleaning, Optionnal Permutation, PPIC on false only
test.txt : c(3425, 1470, 1354, )
BIBLE.txt : c(177258, 131144, 98365, 53788, 43605, 34401, 31683, 33484, 27430, 21193, 16004, 13450, 12031, )
protein.txt : c(119393, 117244, 117280, 117701, 117984, 117933, 109574, 96103, 83327, 44403, )
Kosarak.txt : c(514003, 248350, 180747, 79127, 56967, 41055, 30754, 27544, 23191, 17656, )
LEVIATHAN.txt : c(52131, 51609, 51829, 35696, 31200, 27708, 24023, 21973, 20712, 20034, 15692, 12926, 10674, )
PubMed.txt : c(169771, 182254, 106083, 54166, 42552, 32296, 28488, 25829, 23645, 21638, 17105, 14392, )
FIFA.txt : c(50084, 43283, 37678, 36001, 35335, 32816, 32373, 31161, 29489, 27167, 21444, 14921, 13906, 13467, )

SparkPPIC, Optionnal Permutation, PPIC on false only
test.txt : c(3431, 1456, 1308, )
BIBLE.txt : c(192210, 157522, 119457, 64378, 51846, 40331, 35762, 31288, 26086, 19651, 14913, 11958, 11016, )
protein.txt : c(105630, 113145, 119575, 119495, 119858, 119442, 101788, 97321, 92028, 39235, )
Kosarak.txt : c(502936, 254991, 186320, 81017, 56495, 36560, 27901, 24594, 19634, 15836, )
LEVIATHAN.txt : c(46356, 46152, 58432, 36604, 32334, 28857, 26147, 24566, 22635, 22020, 17214, 14117, 11712, )
PubMed.txt : c(168564, 176125, 107795, 55019, 44631, 36421, 32269, 26993, 23581, 21445, 16878, 14415, )
FIFA.txt : c(49338, 36171, 33273, 32223, 35115, 30931, 28564, 27806, 27570, 27001, 21088, 14510, 13767, 13370, )

SparkPPDC, very big cleaning, Optionnal Permutation, PPDC on false only
test.txt : c(3307, 1464, 1289, )
BIBLE.txt : c(204529, 149061, 120735, 60203, 49297, 38533, 33872, 30101, 26958, 20965, 16418, 13217, 11708, )
protein.txt : c(113801, 141172, 125605, 110140, 110358, 109984, 112059, 105159, 90956, 43395, )
Kosarak.txt : c(531751, 241561, 171415, 74882, 54127, 47386, 33186, 27279, 21255, 17344, )
LEVIATHAN.txt : c(50182, 50404, 50081, 34851, 30416, 27097, 24848, 23606, 21945, 21120, 16289, 13429, 11177, )
PubMed.txt : c(171937, 169128, 98130, 50344, 41069, 33908, 30198, 27864, 24660, 22832, 17790, 15165, )
FIFA.txt : c(52230, 38365, 35495, 34311, 33516, 31540, 30980, 30531, 29273, 28738, 22351, 15483, 14848, 14231, )
